QUICK SORT
11282182
3246074
3282483
3226163
3265415
3959459
3875264
3958321
3894037
3863886
3829752
3834873
3982214
4302498
3770019
3927032
3874125
3944099
3905983
3792775
3794481
3777415
3489557
3487851
3659655
3851939
3862748
3875264
3826339
3928739
3864454
3678997
3892330
3963441
3904845
3940686
3879246
4078925
3945237
3860472
3824632
3934996
3903707
3900295
3925326
3894606
3981645
3986765
5300896
5814601
3998712
3920205
3905983
3957752
3812116
4370764
4082908
3899156
3788223
3911672
3928170
3994730
3824063
4005538
4031707
3939547
3970836
3859335
3977095
3997006
4385556
4968097
3906552
3730197
3963441
3907121
3690375
3804152
3865592
3958890
3821788
3909965
3888348
3976525
3881521
3876970
4164258
5006781
5084150
5588753
4286569
4272348
3909966
3969699
3891761
3846250
3902001
3854214
3792775
3953201
MERGE SORT
9487342
3170411
3236972
2623710
2024102
2771621
2307409
2065063
2002484
2015570
2016707
2005899
2003623
2013862
2001348
2070182
2071320
2045720
2053116
2035480
2043445
2028085
2101471
2218094
2207285
2320493
2204440
2135036
2140725
2152672
2153240
2217525
2181115
2156085
2167462
2137880
2211267
2172013
2177133
2213542
2277827
2251089
2251658
2190218
2212974
2240848
2192493
2189649
2179978
2174289
2202165
2187373
2186236
2170306
2166893
2156084
2149827
2183392
2152671
2043445
2013863
2019551
2035480
2040601
2101471
2032636
2047427
2066769
2051409
2065631
2144707
3338802
3649415
3563513
3547584
3574321
3073131
2015569
2006467
2038325
2028654
2006468
2080991
2052547
2012156
2020689
2544635
2037756
2057667
2022396
1998503
2015569
2026947
2029222
2220938
2068476
2024103
2034912
2078147
2048565
SHELL SHELL-GAPPED SORT
19162985
903962
892585
877793
874949
880070
878363
877225
874949
871536
869260
868691
903962
778807
771412
747519
746950
748656
750363
742399
744105
756051
745812
741829
756621
754914
751501
760034
984745
750932
752639
778808
751501
744674
777100
792461
763447
756052
743537
750363
752070
749794
763447
752070
754914
744674
754914
749794
746950
748087
749794
743536
746381
737278
752069
750363
758896
754346
747519
747519
745812
745812
736141
749225
742967
746950
741260
749225
743536
748087
744674
742399
736709
749225
755483
751501
746381
749225
749225
743537
738985
731021
748087
749794
739554
745243
742968
732159
753776
750363
731590
748087
746950
748088
764586
745812
762309
744105
736709
738985
SHELL SEDGEWICK-GAPPED SORT
489243
408461
406755
434061
419270
403910
404479
401634
408461
403910
405617
407324
406755
410168
402204
406186
409030
411306
410168
413012
410737
406186
409599
410169
409030
424390
402204
411306
406754
407324
405617
407324
406186
404479
407892
407892
407893
414719
405617
409600
404479
404479
411306
410168
416426
410168
409030
410168
403342
407324
409031
422115
428941
406185
399928
411306
407893
409599
415288
414151
431786
411875
414719
423821
421546
427804
413581
415857
411306
403341
406186
412444
405048
416995
412443
414150
424390
413013
414151
406755
419839
433493
635447
661617
679821
674701
653652
656496
756052
725332
717367
711109
770274
762878
692336
709403
740692
745243
717367
781651