QUICK SORT
236164650
221373568
223842541
220046353
232845190
240923965
228279866
231313175
231109513
228095546
226541914
232526043
221705799
228938069
230186208
231226704
228621198
219320452
233616601
230451310
220620360
228434603
237505518
231324553
225654449
224551944
179947162
211036309
227047086
225453062
226568651
227712685
230236271
230794350
201532469
189127304
249519859
247870653
272389147
232019165
167905515
131553018
144426380
201571155
225468422
166485570
210001502
137710090
170767020
167927132
198868937
226884953
222404962
225561151
228874353
227962426
223658790
225354075
225235178
225726697
225297756
226335407
228083030
230196448
225911016
225621453
227714391
227592649
227494231
226656260
227867991
226694375
225600973
226923637
222166028
228005662
230247080
225366591
230490564
224657757
228643954
227366801
228287261
227099424
225467854
224283429
225628848
228676949
226176118
223744123
231277335
227633040
226771744
225367729
224892708
227303085
231518543
228566585
225665257
225087267
MERGE SORT
255780468
255874904
256203721
255185412
255614353
255968201
255800379
255691153
256218512
255634264
276629636
256233872
255659865
255777055
255592736
255660433
256046708
256306121
256038174
256161054
256261747
255789002
248995913
255223527
255587047
255742353
255607527
255635402
255966495
255657589
255370869
255680344
255841339
255464736
255687171
255430602
251489917
255975597
256933604
256404538
255931793
256182672
255686033
255961374
255917002
255773642
255758282
255928948
256021108
255992095
256419329
255619473
256226476
255862957
255822566
256142281
254554515
245888648
255618335
255398176
246938246
251327784
254361093
254262107
254713804
256135454
253838286
254889591
254402623
253882659
254033983
255255385
254232525
254066979
254421964
254962976
254242196
254498764
254410018
254655778
254613680
254271210
254380436
254833840
254562480
253832028
254233662
254346871
254802550
254485111
254130694
254559636
254121592
254108507
264553856
254318996
254046498
254428791
254143209
254904381
SHELL SHELL-GAPPED SORT
405162429
400106723
394482130
401629067
401746258
396492579
408863044
409567896
408806155
398018336
405717663
400172715
397675297
408766902
399771649
412708725
402278167
396328740
399982137
410342721
405637450
406605697
396251940
393338665
398989428
393959891
392821547
401849795
396768490
405755778
402026720
409641851
390951613
396090945
390563631
394585667
400233016
395189826
400043007
409726615
402071662
399603826
401445317
401246206
409865424
395318964
410422934
397737306
398431349
400688696
399877461
396584739
398690762
403200904
399367738
400498687
406217716
402797562
399302316
410040642
399907612
398413145
402497190
400700074
399362618
399415525
409485976
396693965
398048487
399482084
400058368
405897432
401742276
399070210
399149286
397677572
404717559
410110046
410314846
410330774
407662691
418961939
391696287
403507535
398756753
397033023
399133925
399967915
406055583
407496575
396935743
409620803
390051063
401386152
403886413
394060015
398709535
398650940
392843165
409156590
SHELL SEDGEWICK-GAPPED SORT
283683275
284941655
284526367
279785825
281624471
282257074
281032827
280118056
282665535
280120900
283048397
280148776
283845408
281863973
279505363
280404775
280422979
282125661
278985400
281466320
282592717
280295548
282341269
277533599
283293587
281146036
280529361
279233436
280039549
283459134
280562357
280138536
282292344
281775225
280286447
282876024
279451888
284773833
279904154
281754745
281430480
281308738
281320684
279517310
282280398
283376075
282643348
279321044
279420599
281220560
285282418
280636312
281663155
282617749
283583151
285095255
284683380
282559153
282625144
282108594
281792861
281999936
278632121
282177429
285118010
281640399
280277344
282943152
282423758
278755570
282914139
282777606
282709909
280969112
281981732
280678410
280064011
282085838
283041001
285123699
280332527
280135691
280524242
281585786
279108279
283911399
284483131
283448894
281386675
283111542
282036345
282788414
281986852
281497040
282362318
281389520
286948122
282024398
280739281
281753608