QUICK SORT
17182117
27939215
19772832
17157655
17117263
20701257
19224424
17396019
17396019
17566116
17304428
17377814
24271027
17434703
19302931
17004624
16913602
16907344
16980162
16873211
16879469
16873779
16854437
16906775
16820874
16856713
16833389
16857851
17248108
16910188
17076304
17142295
16828838
16910757
16920429
16879468
16934082
16796411
17026242
16882882
16810633
16884589
16865815
17046153
16870367
16872073
16889709
17047860
16947167
16901655
16917584
16853868
16938633
16856144
16987558
16969353
16948305
16846473
16909620
16896536
17063788
16942046
16826562
16844766
16942615
17055255
16876056
17036481
16936927
16863540
16901656
16847611
16909620
16874349
16981299
16846473
16855576
16915308
16857851
16929531
16885157
16841922
16993246
16935219
16938633
17082561
17087112
17064357
16827700
16828837
16828838
16883451
16832820
16929531
16891984
16869797
16853869
16831682
16865247
16885727
MERGE SORT
17451201
17512640
17307841
17443805
17394312
17356766
17345388
17427877
17741334
17649174
17709476
17819840
17528000
17478507
17597405
17489885
17439254
17477939
17371557
17521174
17373263
17289068
17323201
17288499
17344819
17336286
17543930
17365299
17296463
17333441
17471112
17381797
17539947
17355059
17307273
17546774
17589441
17306135
17555307
17862507
18046826
18095182
18321030
17813582
17821547
17902329
18061617
21240562
17440960
17526294
17385779
17315237
17397725
17363592
17336285
17307841
17320357
17364730
17285654
17323201
17463716
17508090
20322946
17575788
17330027
17668516
17770916
17876728
17934755
17455183
18616852
18025209
18141830
17308979
17351645
17540516
17278259
18032604
17341406
17291344
17376677
17364730
17388623
17314099
17304428
17429014
17353921
17297601
17357903
17270295
17425601
17390899
17741903
17703787
17753280
17481352
17574080
17551325
17351645
17505814
SHELL SHELL-GAPPED SORT
12534304
12475139
12518375
12528046
12459210
12514961
12492775
12519513
12536010
12521789
12542838
12539424
12469450
12551940
12558766
12524633
12554215
12524064
12545112
12512117
12521220
12526340
12471727
12538286
12657184
12643531
12517238
12526339
12526339
12632153
12597451
12925130
12781771
12865396
12767548
12994534
12649219
12616224
12651495
12559904
12521789
12514961
12551940
12533735
12464331
12541131
12521789
12527477
12516669
12516099
12558197
12520650
12534873
12470019
12550801
12622481
12510411
12643531
12514962
12534304
12524633
12571282
12522357
12464900
12533735
12672543
12594606
12524633
12592899
12663441
12573557
12556490
12489362
12522926
12574695
12522927
12601432
12468881
12512686
12550802
12522358
12529184
12518944
12530321
12523495
12514962
12542268
12477985
12490500
12467744
12518375
12461486
12528046
12470588
12543406
12527477
12517806
12534873
12532029
12583797
SHELL SEDGEWICK-GAPPED SORT
9870202
9857687
9858256
9866221
9884425
9866220
9845740
9997633
9864514
10016407
9884993
9866790
10016976
9908318
9870772
9932211
9874754
9867927
10342380
9838913
9848016
9868496
9853136
9855412
9864514
9843465
9846309
9887270
9851429
9836638
9940176
9874754
9865651
9834931
9845741
9840621
9859393
9862807
9845171
9835500
9862238
9873616
9851430
9867358
9855980
9858256
9842896
9855412
9906042
9917420
9865083
9863945
9854842
9865652
9870771
9874185
9886700
9940176
9884425
9864514
9896371
9871340
9857687
9915145
9877029
9863376
9865652
9867927
9877029
9847447
9937900
9877029
9867927
10001615
9875891
9887838
9869064
9932212
9858256
9892958
9856549
9836639
9899785
9861669
9851430
9952122
9868496
9844033
9890683
9864514
9903767
9998771
9921403
9929936
9867358
9896940
9892390
9838345
9855980
9926523