QUICK SORT
79167558
62728978
58454355
59026087
57449130
58345128
61880196
58635830
56557683
57823458
55958645
57712525
59001056
57181753
56861469
58298480
56242519
56232279
58566994
56702749
58081164
58915154
59343526
57053753
56930305
56012689
59325890
61496766
97452179
59106300
58349680
56579870
56650412
57777948
55962626
57919032
55796511
65052883
90013972
58008347
56956474
56212937
57615245
57841663
57410446
58536844
59394158
58074907
57225557
71395413
107479964
80331503
59099473
57660187
65849327
93929058
57200526
56609452
55967746
56856918
57205077
58694995
55776600
56524688
55682733
81735517
68145926
61619077
58035654
58238746
57146482
58101644
58973749
57420117
57693183
57668151
58220542
60756075
55861365
57593059
56057631
57956578
58477679
57401912
97627397
63212532
57366073
56325577
56653825
56964438
59769054
58008916
58093111
59072736
57925289
56773291
56459834
56495674
56783532
56669753
MERGE SORT
66002927
66501272
66269735
65605843
65362359
64708707
65892562
65183159
66492170
68760325
66245842
93157076
67204417
66298179
65022733
66752151
64860031
64609720
65777078
65206483
64541453
65473861
65943762
66186677
67542337
76197964
99430771
65484100
66962640
67079831
67265289
66959795
66521183
65508563
65719052
66075175
65501736
66856258
66099637
63710877
64472618
65510269
62410969
65155853
66535406
64016370
64160299
65376581
64543730
65291247
66364739
65332777
66199762
70360607
66544508
67661234
66839192
65595033
66354499
97555148
73626022
65799265
65968225
65286128
66762392
66364170
65924420
67384186
65892562
64707569
64839551
65975620
66447797
65946607
65650785
65916456
65770251
65846483
66013735
65857860
66217397
65414128
67223190
66122962
85987953
74781434
65466466
66566125
66114998
66739636
66101913
66369859
66522321
65758873
65659318
66097362
66740204
68102122
66421628
65023870
SHELL SHELL-GAPPED SORT
96336591
94567349
95593054
95709107
139254620
96001516
134111875
98120054
97856090
96080022
94566781
99278309
96853710
99609402
96797958
98707714
98521688
102513574
96095382
96879878
96401443
108686574
121346033
95680663
94026337
94760771
95842796
98699182
94698762
93501254
96834368
106433780
126578095
95915613
98490400
95107224
96467434
135875427
99510415
97220073
115591735
131169588
162616566
149044041
102188738
106122029
99997952
95280166
95665303
94701607
96459470
94542319
95083900
97137584
113852645
133404178
100653311
135483464
98888621
96729123
109042698
106636304
104296467
102041966
116389883
107913457
129688204
135043713
122519080
131414779
144677828
103401038
150168163
154283497
104643490
141071648
136661630
106524232
107287680
106859307
107369600
126496744
131905160
107266062
104956378
105179950
109369240
116377937
154687408
157917552
125399928
107824141
107056143
108264460
105844980
105673176
107087431
101274536
101697788
98655945
SHELL SEDGEWICK-GAPPED SORT
74746731
77427899
91750786
75845253
73389934
71332836
74975424
73213578
72195839
72834130
73024139
71664497
87943220
131528556
132484287
132718100
132804571
131822670
145268333
133508285
132733461
133016198
131060931
134469137
131369267
131065481
131187792
130407278
131087099
133589636
131446636
131926778
119145007
133744374
132726633
133319414
129671137
134069209
133542988
133191984
125296390
127227765
133085602
128709717
131887524
131246388
131783418
133529334
111124259
102713254
137677095
131743026
93942711
126151998
131555294
131919951
133904231
131620715
132596927
131557569
137889859
168905619
166325713
130500007
130970477
134031093
131135455
132125319
131223063
132816518
130864664
133032695
133861565
130617767
131479632
131696947
132005853
132449017
132409763
132714118
131721408
130499438
131877284
131224770
131414209
131783987
127621435
131929622
132905264
133238632
130858406
130921552
130056275
132214635
119661557
133320552
130795828
132379043
130420932
129643262