QUICK SORT
71497813
71692373
71328853
71711715
71496107
71502933
71785671
71415894
71960319
71447751
71600214
71632070
71372658
71334543
71522275
71185493
71736177
71906843
81132496
105880820
83418287
75652969
73131659
71357298
73413827
72887037
72991713
76133679
75123335
77122975
74528847
73707374
78462138
78416626
71651982
71692373
71385742
72917188
75138126
79285886
76379439
78175987
71347058
71303822
78129338
73692013
71101868
70955095
71483591
74374109
78912128
80110204
74831496
81654166
76636576
75336099
73134503
76492079
77715187
73383676
77464308
73594165
73781329
77262353
77673090
74524865
74135177
74593131
71602488
73649346
75072135
72462647
71717404
71142827
71497813
71792497
71819234
71751538
72468905
71976816
71800462
71498382
72429651
72459803
71247502
71193458
71510329
71468231
71070009
72930273
71782257
72815358
71354454
70997760
71658808
75344063
72120177
71413049
71076267
71765190
MERGE SORT
82488725
76671279
79939538
137066678
80902096
76655350
78731221
109461969
103545536
78053106
76854460
78851826
78284644
79109531
76957998
77017731
208967264
76318568
78674901
78021249
77537695
78069036
77381819
76626336
77601979
77174744
76957429
76481839
76203084
76219582
77454068
77694707
77746477
93356756
95441730
84099245
91438467
85272862
80299076
78467257
77985979
75962444
76471598
79303522
76091582
77543952
77558175
75756507
75910675
78631665
76683225
77421642
77720876
79359273
77993943
80520941
78891647
77600841
77521766
77807347
76998389
76474443
78866616
79310349
76320275
77823276
79802437
77182708
76521661
76291262
76281590
77669108
78425728
77782316
76706549
79787077
77386940
85767225
78215808
80086881
78545194
78771612
78346084
78194759
78546902
76857304
79235256
75855493
76156435
76196826
77519490
78099755
78792661
78720981
80111912
77979151
78547470
78215809
75855493
76766852
SHELL SHELL-GAPPED SORT
57592490
56777842
56253897
56657239
57246606
123726829
73277294
57900827
58969198
57131690
56736882
56625380
56444475
58278568
56973540
56144671
58085716
57404188
56158323
56227159
57871245
58308720
55963764
56522981
57648809
62357494
56779549
56626519
56413186
57273913
58252969
56590109
57952026
58251831
56390999
57187441
56282910
56438217
56414892
56059906
58160809
57776810
60443186
57917325
56604331
58092542
58907190
56115657
56239106
56225452
56712420
57983884
56982073
56621399
56720954
56724936
56506483
56482021
57030428
57035549
56765895
56609451
56861469
56937131
56327284
56523550
57232384
77624166
80328657
58419653
57388259
57578837
64605169
59738335
57304064
56825060
56989469
59123367
58675652
58908327
56481452
57227264
56909255
62430311
56866020
57934391
61602011
57346162
57927564
61318704
56538910
57847920
56643585
56686252
57336491
58125537
58696132
58281413
57340472
56778411
SHELL SEDGEWICK-GAPPED SORT
46270486
45855766
45116781
44877849
45097439
44689546
45441616
45145226
44849973
44915395
46179463
45311341
45685669
45018364
44911413
44846559
44925635
44951235
45034292
45003573
44897759
45204958
45133279
46731285
45486558
44716853
44431271
44464835
45653812
45003572
82769755
48658677
45864300
45419430
45053635
44735058
44774880
44561547
44587715
44649156
45078666
45611713
45223163
45261279
45533207
46867249
45178790
44706044
44519449
44951804
46364352
47135764
44845991
44480196
45013244
44781137
48090926
44921084
44500107
44771467
47618750
47200617
44592836
44770898
46871231
44741885
44496694
45931998
44615022
44424445
44505227
44463698
45203821
45059324
45914931
46062842
45358558
45673722
45001297
44787395
45818219
46061704
44488160
44597387
45785793
45761331
45107679
44873297
44483610
44855093
44638915
44640622
44843715
45088337
45047377
44867039
44512053
44514898
44501245
45255590