QUICK SORT
40848417
39235619
38127427
37770734
37073846
37233704
37319036
36828087
36278541
37857204
37365686
37035162
37342930
37676299
42981746
40170871
37827053
36286506
37052798
36738202
36859945
37241668
37071001
36722843
36791678
37069295
38406750
40256204
34606011
34083204
35490631
36264319
35940621
36364443
36929349
38183177
37605757
39699832
42227969
37309935
36529989
36947553
36575500
37426557
36553882
36362167
37187055
36574362
35405867
37020939
36996478
37043126
36777456
36200034
36532834
35309725
36787696
35776213
36694398
37270112
36916264
36406541
35399610
39134926
42511844
37849809
37254184
36970308
37123908
38097275
37665489
36821260
38060297
37862893
37113099
37382752
37548298
37319606
37655250
37216068
37098877
37929454
38357257
38068831
37078966
37619978
37255891
37948226
40018978
40245395
36944708
36762095
37435090
36631251
35978169
37656388
36243839
36537385
36550470
37136424
MERGE SORT
20193809
20687034
23765855
26149495
24203329
23981463
20947016
20936208
21232598
20887852
21029505
21526713
21178553
22291867
23988290
27527910
27496052
22758924
21371406
21597823
21301433
21080136
22553555
23401766
23137803
22173539
21344669
22637751
35078757
38868687
33137712
31793999
39372152
38365791
23938797
21071033
21138731
21085824
20855425
21338411
21267869
32739491
39555334
38382857
24321658
21703637
28265188
21703636
22232702
21585308
21535246
21286642
21230891
21102322
21594411
21390179
20779763
20728563
21119958
22221894
21226908
21216669
21283797
20746199
20574395
20376421
20252973
20087996
20249560
20100511
20088564
20070360
20173328
20314413
19950325
20275728
20890127
20435586
20551071
20426483
20529453
20150574
19946911
19991284
20567568
20629577
22624666
21602944
21622286
20706376
22247493
19713099
18875696
19086753
19060584
20135782
21200172
20854288
20928243
20924261
SHELL SHELL-GAPPED SORT
8411574
8371183
8205068
8264802
8273903
8289832
8083326
8243753
8061139
8781352
8800124
8380286
8202793
8258544
8094135
8148748
8329655
8569725
8355254
8814916
8324535
8691467
8469601
8188571
8341601
8199379
8347290
8260250
8178331
8273335
8277317
8156712
8268784
8301210
8285850
8277317
8184020
8273903
8307468
8285850
8220428
8273904
8060571
8360374
8268784
8052606
8358667
8268783
8275610
8276748
8277886
8251148
8282436
8304054
8228392
8273335
8200517
8253992
8173210
8280730
8272766
8235788
8060001
8119166
8134526
8053744
8281299
8292108
8244891
8108357
8278454
8326810
8269922
8577689
8663592
8411005
8398490
8469032
8325104
8105513
8214739
8037246
8171504
8022455
8064553
7942242
7895593
7806277
7769300
7934277
7984340
7957033
7950775
8036677
8012784
8018473
8038384
7846100
8223841
8238063
SHELL SEDGEWICK-GAPPED SORT
4366214
4440169
4431636
4394658
4342889
4436186
4537449
4423102
4407742
4472596
4527208
4581822
4590924
4551671
4604009
4529484
4615386
4576134
4547689
4564755
4522089
4601734
4494782
4589787
4641555
4548257
4563049
4786621
4659760
4575564
4673413
4568168
4617093
4501609
4567031
4607991
4605147
4602302
4594337
4600596
4780933
4746799
4743386
4650088
4908932
4621075
4667155
4707547
4623351
4563048
4708115
4570444
4669431
4763298
4728595
4660897
4704132
4578409
4572151
4717786
4663742
4617093
4607422
4512986
4619938
4568169
4516969
4565893
4515263
4593768
4547119
4520382
4623351
4506160
4527777
4561342
4469751
4528916
4540863
4555084
4557360
4585804
4545982
4768987
4683084
4754195
4716079
4718355
4686497
6968306
5676931
5745197
5638815
5739509
5670673
5709358
5672949
5672948
5670104
5642228