QUICK SORT
35140197
34945068
35078188
35015041
34988872
34916624
34843237
34843806
34945068
34932552
35090135
35205050
34999112
34950757
34832997
34875095
34907521
35236339
35064535
35102082
35259094
35036091
35170916
34867700
34861442
35678365
35088428
34949050
35033815
34790330
35210170
35080464
34733442
34794882
35126544
35354098
34994562
34740837
35032677
35226099
35107770
34904677
34892731
35503716
35091841
34868269
34844944
35016748
35874062
34923450
34840392
35228374
35108908
35893404
34968962
34979770
45588390
35061122
34966686
34781797
35103788
34981477
34887610
34931415
34891024
34967255
35065673
35527610
35157832
35838791
35960533
34891592
34735718
34780660
35013335
34776108
34838118
34872251
34969531
34922882
35834240
35781902
35580516
35167503
35310294
34981477
34950757
35157263
35285263
35427485
35619769
35381974
35156125
35151574
35341583
35218703
34887611
35552071
35438862
35304036
MERGE SORT
40026373
37474343
36729100
36692691
36728531
37015251
37373081
36086826
38118893
36841740
37115944
37291730
37341223
36350221
37945951
37485721
36392319
37618841
37427125
36971447
37621116
36341118
35888285
36675056
42029427
38125150
38756616
37324725
36434416
36496994
37315623
37572191
37478326
55900618
44370969
37775853
37458983
37088068
36354772
36283092
36033350
35933795
35822294
35987839
36174435
36191502
36944708
37089206
36706913
37815107
37090344
36736496
41023634
35810915
35731271
36035057
36892371
37455001
37650130
40069609
38995549
36949829
37400956
37733187
38586518
38462502
41607313
37536921
37310504
37303108
38040955
37502787
38002271
38250875
37763907
38340759
37425987
38239497
37812831
39538836
41378051
37650698
37963018
38097844
38318572
37796334
37479463
36938450
39376704
37672885
38304920
37440210
38500617
37511890
36895215
36855962
36946416
36965189
36935037
37168282
SHELL SHELL-GAPPED SORT
26519271
26566489
26514721
26630205
26890755
26650116
26643289
26423699
26568196
27323679
28529152
30009398
28710059
28094522
29007587
27829989
27336763
27538150
29280653
28555321
28290788
27791873
28141170
29211817
28162789
28015447
26672302
26692783
26529511
26670026
26522685
26501067
26569333
26477743
26543734
26568196
26620534
26612001
29373382
27038098
26548285
26532356
26548854
26507325
26590383
26625654
26501067
26561370
26594933
26557387
26545441
26412321
26564782
26561939
26561939
26570472
26788355
26609725
26592658
26485139
26599485
26563076
26614276
26769013
26613138
26630205
26565351
26449868
26646703
26493102
26451574
26734312
26718951
26591520
26582987
26589813
26471485
26588107
26568196
26596072
26579004
26674009
26486845
26610862
26582418
26566489
26596641
26654098
26559663
26691645
26626792
27085315
26758774
26547147
26507894
26578436
26454418
26547716
26552836
26517565
SHELL SEDGEWICK-GAPPED SORT
21559139
21453326
21452188
21507939
21456739
21463566
21469823
21424313
21598961
24094672
21563690
21876578
21643904
21615459
21555726
21581894
21665521
21576206
21594411
21585309
21584170
21608064
21605788
21600668
21624561
21577343
21557433
21590997
21592134
21555157
21622286
21618872
21629113
21616028
21606357
21583602
21625130
21560846
21574499
21593273
21621717
21651299
21874872
21629112
21588153
21567673
21583032
21582464
21596686
21615459
21655850
21661539
21473806
21486891
21440241
21505664
21433416
21507370
21410660
21489735
21480064
21481771
21430002
21487460
21416918
21462428
21432277
21441379
21424313
21480633
21435122
21455033
21471530
21481770
21418624
21560846
21409522
21484614
21438535
21459584
21433984
21811725
21472669
21444224
21484046
21519317
21484046
21435122
21430571
21459583
21437966
21430002
21466411
21489735
21474944
21441949
21493149
21420330
21455033
21482909