QUICK SORT
18706167
18292016
18514452
18075839
18281208
19046931
18230577
17811876
17620161
17840320
17791964
18012125
20844047
32537535
35670969
31751332
19827445
19128282
18611732
18805722
18079252
18152639
18393279
18530381
18364834
17865352
17901760
19053757
20003232
19463926
18981509
18643021
18565083
18340941
18026915
18492265
18328995
17873315
17831218
18300550
16893690
16563167
16843060
16253123
16576251
16889708
17166757
18418879
18836443
18350612
17735076
17814151
17432427
18194737
17615041
17491592
17614472
17578631
17656569
18866594
18542897
18380764
18150364
17703218
17559290
17811876
18227163
18307376
18404656
18241386
17951253
20573257
19116904
18416035
18362559
18391004
18033173
17550188
18074702
17960356
19913347
19916760
18682274
18239110
18026346
17938738
22523404
33609889
35904782
28479659
18888211
18290310
18128746
19075376
20375853
19371766
19124868
19704565
20002662
21667228
MERGE SORT
11926163
12606552
12601433
25634651
12775512
11430661
9513510
8864409
8498614
8377441
8425227
8377441
8389956
8419539
8346721
8220428
8259681
8636854
8959413
10475499
10396993
10191055
10274113
10348068
10199589
10086380
9710914
9778612
9990238
10140424
10203002
10348637
10385046
10376513
10680299
11161577
10868600
10855516
10758805
11012529
10793507
10682575
10416335
10332708
9839483
9657439
9576087
9447519
11419852
12303904
11649683
11728759
11381738
11421560
11427817
10274113
9653457
9476532
9281973
9217688
8982738
8983875
8976480
8913902
9630132
9557883
9663128
9329191
9372995
9175591
9171040
9069209
8974774
9046453
8951448
9003787
8937226
8983307
9023129
8958844
9009476
8941209
8985582
9045884
8984445
9006063
9012319
8993547
9308142
9408265
9340000
9483359
20984562
9011751
8694311
8639129
8387681
8395077
8393939
8378578
SHELL SHELL-GAPPED SORT
3638037
3795619
3751246
3664206
3688099
3706873
3597646
3648846
3665343
3678997
3616419
3620970
3640882
3525966
3527104
3620402
3660224
3741006
3747833
3764899
3655672
3757504
3751246
3758641
3781397
3770019
3660793
3755228
3744419
3658517
3728491
3653966
3749539
3748402
3789362
3804152
3888917
3844544
3809272
3793344
3871281
3862747
3780828
3886072
3874125
3817806
3891192
3902001
3859334
3898588
3894605
3900294
3832597
3794481
3775140
3912810
3892899
3893468
3888917
3818943
3894036
3801877
3899157
3795619
3891761
3791637
3854784
3803014
3803014
3735317
3767744
3797325
3776846
3890623
3885503
3893468
3887779
3912241
3894036
3895174
3791637
3914517
3890623
3896882
3915655
3894037
3801877
3803014
3881522
3801308
3895175
4419120
4476578
5249127
5673517
6365854
6310672
6344805
6184948
6144557
SHELL SEDGEWICK-GAPPED SORT
3469078
3457131
3375211
3446891
3440064
3445753
3424135
3425274
3283051
2789257
2720421
2529844
2442235
2246537
2285222
2302289
2298876
2252227
2228334
2278964
2205577
2156085
2201596
2154947
2208422
2187942
2166893
2080992
2171445
2152671
2123658
2228902
2206715
2208991
2206146
2208423
2158929
2195907
2205578
2207853
2155515
2210698
2154378
2163480
2202165
2160067
2119676
2073596
2144706
2125365
2156654
2071889
2072458
2124227
2136742
2127640
2120245
2145845
2190786
2124795
2193631
2076440
2157792
2092369
2173720
2151533
2175995
2243124
2297737
2211267
2256209
2210129
2157791
2209560
2141862
2209560
2371693
2255640
2216387
2185097
2205578
2208991
2156085
2207854
2205578
2210698
2220368
2174289
2207853
2212973
2229472
2215818
2161205
2185667
2224920
2311960
2238574
2892794
3187478
3192029