QUICK SORT
10133029
3308652
3298411
4582960
3238109
3221612
3235265
3258020
3214784
3204545
3210803
3320598
3239247
3220474
3259158
3207958
3210802
3174963
3203407
3272811
3659655
3236971
3235265
3247211
3306376
3229007
3228438
3194874
3202838
3302393
3217060
3209664
3215354
3212509
3338234
3203976
3260295
3199994
3207958
3405362
3211941
3224456
3233558
3246074
3210234
3192598
3481024
3199425
3210234
3189185
3212509
3204544
3193736
3321166
3273380
3246643
3217060
3227300
3259727
3227869
3218199
3198856
3276793
3206252
3188047
3223887
3203975
3369522
3249487
3213647
3242660
3216491
3243798
3215923
3206251
3233558
3232421
3190892
3213078
3199994
3222180
3207389
3217060
3185202
3199993
3215353
3185771
3189185
3196011
3219336
3207389
3187478
3192598
3240384
3230714
3285327
3217629
3203407
3194874
3276225
MERGE SORT
11768581
4010659
3851939
3572615
3304669
3292153
3331407
3360989
3433238
3288171
3742143
5467580
3292722
3258589
3276794
3265985
3264278
3239247
3353593
3526535
3274518
3314340
3362127
3280775
3257451
3349612
3384882
3369522
3358145
3396829
3414464
3417309
3382607
3388295
3386589
3363833
3400243
3395691
3369522
3360420
3392847
3391140
3369522
3393416
3360989
3354162
3352455
3343922
3346198
3382607
3351887
3363833
3392277
3485006
3432100
3626659
3457131
3563513
3516296
3373504
3459975
3779121
5401020
5569980
5703668
5597856
3762624
3455424
3316047
3276224
3269398
3334251
3394553
3264847
3275655
3352456
3294429
3364402
3263140
3335958
3294998
3293860
3260864
3267122
3277931
3288740
3338802
3326856
3290446
3406500
3326287
3281914
3359282
3292722
3329131
3298411
3270536
3359282
3326287
3282483
SHELL SHELL-GAPPED SORT
9130649
5060256
2445079
2438253
2439391
2441097
2440528
2447924
2437115
2441666
2442236
2442804
2459301
2464991
2443941
2433702
2434840
2431427
2435977
2442235
2435977
2432564
2430858
2431995
2437116
2499124
2435408
2434271
2453044
2442235
2447355
2449631
2445079
2438253
2435408
2449061
2445079
2462715
2434271
2431995
2429719
2433702
2443942
2475799
2442236
2431995
2434840
2434271
2438253
2460439
2439391
2444510
2455319
2497418
2436546
2461577
2446786
2449061
2438822
2450768
2458733
2442235
2450768
2446217
2472955
2446217
2438822
2439959
2455320
2440529
2447355
2442235
2434839
2447924
2472386
2449631
2444510
2434271
2442805
2437684
2470679
2523018
2470680
2459870
2465560
2476938
2468973
2467835
2467835
2466697
2476937
2470680
2464991
2464991
2472387
2470680
2466698
2486040
2468404
2461578
SHELL SEDGEWICK-GAPPED SORT
1907481
1833526
1835800
1820441
1821010
1830112
1829543
1822148
1823854
1834663
1822147
1820440
1823285
1836938
1815321
1814752
1811339
1812476
1848316
1807925
1817028
1831250
1816458
1841490
1815890
1822148
1815890
1809632
1823285
1831819
1821579
1818165
1816458
1823854
1801667
1803943
1799961
1813614
1791997
1793134
1793703
1795979
1795979
1793703
1801099
1828405
1798823
1795409
1792565
1798823
1805081
1816458
1846609
1841489
1805649
1803374
1794840
1800530
1806787
1801098
1809632
1902360
1935925
1835801
1803375
1818165
1802805
1796547
1801668
1870503
1806218
1822717
1808494
1820440
1811907
1818734
1812476
1808495
1794841
1794841
1803943
1802237
1800530
1796548
1809063
1815321
1794841
1811908
1790290
1792566
1788014
1794272
1793703
1799392
1792566
1805081
1790859
1797117
1793703
1791996