QUICK SORT
358457881
53784355
60554119
107642666
67475776
279058787
51156093
58406569
367815517
158927329
122496894
206098363
45022914
125160426
48594392
152908495
679249706
50150300
123742189
56080387
69494759
106777388
380175172
69624466
123896927
372698280
62530435
183762692
125876087
67177680
209371743
50312433
63808157
59230317
104645196
218972293
65938073
60042689
49686088
64151765
431467799
97162616
320929494
194419666
73996937
45680549
124454437
137209469
57416135
44482472
218648027
49435208
64048797
216428795
109535355
252034342
123679611
295344905
229537676
55096779
46482112
268721527
69659737
49088186
48778143
175559331
68826317
149905905
189556813
65314003
60760057
368870804
46172068
65977895
47388919
312541245
149637391
48379921
124603485
49001147
287462966
60959737
45963855
94278355
98154187
45949064
124943680
533670760
49559226
45948496
52605619
91097135
60597355
275838881
199280243
176820555
119782730
109261720
61093425
110999672
MERGE SORT
36762096
38044937
37780404
37637614
37740583
37396974
37159748
37193882
36060657
36905456
37817951
37588690
37612014
37823641
38622359
38145062
38212759
37732618
37557401
37569347
37821934
38072813
38732722
37550574
37407215
37503925
37982928
38122875
37634200
38626341
37527250
37443055
37378770
37186486
37484014
37618840
37733187
37639889
37622823
37618272
38037543
38083053
37532370
40800061
34487114
34109941
34204376
34455256
34748233
34893300
34537744
36952673
37030610
37434521
38168386
37714982
37721810
37733756
37705881
37371375
37691090
37901009
37670610
37537490
37578450
37548868
37372512
38873238
37812263
37858343
37806573
37598361
37489703
37572192
37633063
37974964
37659801
37653543
37709293
37634200
38154164
37658662
37861187
42741106
34922882
34975220
34107666
34231683
37537490
37550006
37209811
37119926
37394699
37916369
37988049
37921489
37939124
37705311
37515303
37775285
SHELL SHELL-GAPPED SORT
84912755
84754604
83590660
83562785
83313611
83567905
81656442
82361293
82174699
83409185
82474502
84193112
83518981
82697507
83177079
83937681
82245810
83226003
82935302
81815161
83476883
83483709
83314750
83858607
82068317
82100743
82698644
83829593
82931319
83686803
85252382
84062268
83819922
84173201
83506465
82654840
85252950
82199161
82559836
83953610
82504653
82749845
83000723
84639690
84150445
84075922
82795924
81407838
76991563
79515717
81218398
84077628
83779531
83525807
83514998
82709453
83504189
84786462
84715351
83781237
83443318
81601829
82621275
85327475
84964524
81411820
82099037
82395996
82857364
82163321
104678760
102684809
81904477
81766806
81661562
83386998
83759620
82254912
82324316
81869206
82461418
89468978
85201751
83396101
82365845
83269807
81535269
83749949
82601934
82348778
83058181
82068885
83299390
84308027
82890928
83269808
83695336
82451178
83616261
85178995
SHELL SEDGEWICK-GAPPED SORT
64923178
64391836
64829311
64577294
64527232
64295125
65758305
65622340
64845809
65754323
64688227
64124459
63985081
62833084
65131960
64706431
64300245
64311623
64217187
64210930
64085775
64034575
66493877
64711552
65720190
64848653
64935693
63340532
64235392
64783231
65488652
64626787
64958448
65039230
64918627
61893281
60157604
63778006
65324812
65831123
64115357
64545436
64425401
64165988
64924315
65626323
64990876
64491961
64823622
65311159
64585827
64261561
64931711
65667282
65219568
64520405
65215586
64458396
64576156
64526094
65221274
65382838
64902697
65333346
64955604
64411178
64758200
64123890
68366655
67569075
65894269
63519731
63935588
62519058
63027643
64530644
65766269
64267819
64040263
65153577
64677987
64486271
64271232
64311623
63424727
62748320
62663556
63074861
62100925
62545227
62066223
63645455
64769009
64860031
64332672
65147319
64385009
64092601
64258716
65092137