QUICK SORT
454134563
467361772
475966199
466353702
458761327
476354181
484723657
466119889
478468736
473286737
479447792
473686097
472905014
473440337
471839487
476331993
484267978
472172855
468838036
473643999
471376413
467820295
477454410
477259850
473092178
467317967
473940390
474043358
477774693
473981919
473732176
475185116
469903562
474905792
469398959
470518530
474572424
467920988
476094768
480496252
478604701
477464080
473479022
475665827
479206015
476222198
470035544
474166238
479501268
475397311
475567978
472007878
474035962
476050963
472821387
468159353
468915973
468880133
473246915
473075111
473364107
480211239
471149995
474932530
473764603
474243607
476295585
471014031
473989883
470275046
476402536
474157136
477406053
473791910
473436924
475274431
472100607
473819785
472081265
471676217
467216136
474988280
475771639
473276497
480453017
477978355
472205282
476074857
473329973
488943098
479312397
479378957
466433915
474078629
474612815
476936153
472054527
476266572
466448707
469142959
MERGE SORT
537026628
536868478
536339412
536693261
535648783
536202310
535971341
536648318
536514629
536656851
537409490
537249064
537067019
536830932
536789403
536406540
536361599
536831500
536337137
536550470
536565829
536758682
537129597
536471394
536890096
536902611
536506665
536528851
536376958
536862220
536555589
536622718
536524869
538831141
538240066
537876546
536997615
551843310
536807606
536244977
536518612
536803056
537132442
536741047
536142577
536604514
536986806
535909333
536030506
536375821
536620442
536820123
536781437
537140406
536479358
536468549
536540799
536995340
537527250
553468054
536579482
535025281
536661403
536486754
536433279
536058381
536294470
535936071
536213119
536218808
536682451
536404834
536031644
536169884
536056674
537180228
536262044
536606790
535902506
536262044
537227446
554087003
536382079
536623287
536376959
536759820
536947553
536870184
536924228
536949828
536932762
538127995
536337706
536623856
537478325
536324052
536796229
536657989
536706913
537056779
SHELL SHELL-GAPPED SORT
879052187
909323274
880300327
888003067
878734179
888921821
884395750
889623829
904445630
873455470
899959382
884022560
898983170
885572210
888532133
906759866
885668921
884043039
901754791
894099269
881706049
882472341
881747008
885216655
867115216
878627797
870403956
890665463
887650926
902764567
914140046
907024399
890896430
891810633
907669517
883248304
901949351
883462774
908626386
879667724
902118310
871319865
889397980
889105003
883238633
898766993
883797849
886277062
882053639
901066437
918493176
875974505
898247598
901597778
889060630
870857929
883593050
890092593
914327210
900252359
884300177
898290264
911784282
888949697
881537658
876296495
900066901
881299863
900358172
884324070
879496489
890190441
888581057
903913720
884545937
892760106
913029009
932541858
899931506
913473879
869190519
889025928
929133653
893970700
892512641
884594292
897702035
899455915
895132938
885204140
924969394
913745807
873345106
874758223
875015928
879688773
890743400
916027048
890824182
917782635
SHELL SEDGEWICK-GAPPED SORT
605450742
598923323
599059856
600649329
598002862
603212168
601507780
604498992
596300181
596386653
599968939
602764453
598743555
595973640
599759019
601724526
601490713
600663550
598196854
598333387
597396998
601814410
599529188
599869952
597193904
599954716
600392191
604458601
604409676
596918563
602827031
600267605
601059496
602419707
600804066
598372070
603519367
600042894
600550911
599119589
598221884
596828678
605083239
605089498
598334524
604875027
601994748
596840625
598549564
595296094
597810579
604274850
598562080
599693028
598959732
600014450
599413136
595783062
600534982
600256796
598835145
598361830
598167840
602352578
604603098
484413045
603612096
600296050
600869488
599322114
603236630
601541913
599516673
601907708
604240717
601186927
598933563
600657293
601923638
601398553
600833648
602771849
594459261
601413914
596589177
600256227
598869279
597629103
603291812
603485803
603405021
598044960
598895448
596155684
604497854
593320916
595682369
597803183
600220387
598535910