QUICK SORT
232449813
331003927
212943790
1956642220
913522803
228412986
802001461
616600941
317831332
701360666
1586413481
316706641
222443077
201211048
253454286
589003058
429661580
243644955
2740225940
225235747
788757185
221059542
1070991503
786875873
194755310
906527760
504821324
222611468
483692264
205013494
343303850
390220023
2563772887
204174954
205985154
198562307
672182981
2139523136
234254893
227523813
286210275
227051637
427382616
280119762
221370155
666353020
4731164696
241131609
216958430
217552917
252591284
940377150
326724185
200674018
2028155961
887846623
203940003
1417067543
337171808
288666732
325621112
263401289
206539251
207814128
522215067
238253606
333607726
982577244
4437360906
1717703105
814116495
203548608
502990074
401013530
483378806
402155857
576786763
2480043418
1549859029
1265773551
254464631
233033491
590426415
205978328
205698435
222767912
210103902
222342953
4877466129
207340245
376849454
894689205
235000705
1979262904
617946361
572889313
1901988035
250538167
204309211
209864969
MERGE SORT
170386434
170133848
173213237
174155316
172727976
186467753
172407123
171591338
224834112
178624498
168887415
168896517
169135450
174887474
171792725
173158055
172522038
173573344
173733201
175269198
173567654
172275142
171700565
169139432
171250575
173741165
185596217
169274259
171191410
168934632
172924811
171953150
176413800
171182308
195187095
171697152
174364666
177194314
208175372
172512367
171715356
172176724
174746390
172180137
171265366
172949842
187762542
206191091
173265575
174328826
176066778
173155780
173232011
173365131
172845167
169977973
175016612
172226217
172283674
173356028
216192139
173183087
173831049
172321221
172803638
170790344
169324890
173241113
173695654
175749908
174202533
172255799
169333423
173227459
171815480
172565843
174004560
171210753
172966340
172580634
173548312
174039831
175083740
161920816
164505842
172287657
173547744
174642852
173495974
171564601
175533162
174301520
173711583
175234495
167156858
169064908
174566052
176528146
172629558
174281039
SHELL SHELL-GAPPED SORT
417300787
415714728
415482052
475788706
418247985
419425583
423145540
412088068
416907117
422435568
417958990
409869975
415924648
413072813
410714205
417441302
413491515
412708156
417339472
410084445
414070642
408885231
400134599
409602598
409812517
411823536
413082484
417916892
412385597
410209032
414828970
415347795
408046120
409744250
407335580
419124072
405481575
414525184
418497158
409530349
413943781
408722528
417007241
470444574
471404857
407976716
415501395
412356583
408341374
417159702
417779221
411101048
417263809
422530003
407843028
426462155
408066032
415459298
417479418
407863508
420326132
415486035
412883374
411010595
403037634
412992599
415159494
422014022
418056839
412696778
415431422
411256354
427411629
422839478
415946834
414868792
414210019
412518147
425658886
407989801
419369263
422775194
411342825
412970413
421739249
417665444
412484015
417813924
412010131
411295039
404710163
412261579
414078607
414562161
410597583
439676280
408654831
409000714
408497817
409253870
SHELL SEDGEWICK-GAPPED SORT
302419024
303028872
299409040
307998107
302548162
304120568
303167681
298629663
303741119
302264856
305306130
302744428
304612656
310548431
301578209
300950156
304824851
299570604
301930350
301517907
299450000
302626100
302648286
303044801
295423980
315005097
342806642
300361926
296787036
354550192
302442918
306223177
306325577
302797335
303834417
303322987
305270859
303088037
298824223
305015428
315032972
353348701
305776600
300659454
304223536
305636654
304931802
303907804
307002553
307006536
301234031
301793248
303689919
300652628
305215107
300811348
299162142
303469191
303808817
304747482
301366013
321625244
410001388
300090567
347732072
303709262
301425178
407910726
356566899
302775149
335963491
304895962
301688572
304591607
301519044
301059383
303868550
297351372
301017854
301049712
296488370
303691626
305349365
305755551
306898447
302290456
305034202
301215258
302253478
303330952
302632927
302435522
289295353
297993077
300707810
300241892
302962312
299587670
300352255
303238223