QUICK SORT
22077965
11183764
11740137
11975656
11497222
12509842
11302662
11143943
12267495
10821952
10218931
10924351
10579037
11113791
11595640
11497222
11936972
12756739
11786217
11183765
11973381
13805199
13400720
13181129
12945610
12970641
13302302
13582764
13067352
13883706
12809646
11295266
11634324
11581986
11362964
11866999
12958695
15830440
16170066
14328007
11422697
11440902
11621808
11530217
11238378
14153927
12045629
11531924
11440333
11502342
12046198
14554424
13096934
11863586
11614413
11370359
16466456
18360284
11467639
11789061
11659355
11493240
11639443
11443746
11482431
11669026
11712261
11946074
12143478
14472505
14298994
12325523
12086021
11370360
12303335
12340313
12043922
11310626
11513150
11426679
11254307
11425542
11399373
11179782
11299817
10989205
10466397
10860636
10762218
10499392
10509632
10444210
10287766
10191055
10646165
10220069
9973740
10562539
10133029
10049402
MERGE SORT
16967077
11107534
11405062
12037096
11633754
11954608
11633754
11258288
11737292
11606448
11314040
11668456
11472190
11798732
11764599
11599621
11799869
11859603
11592795
11419284
11303231
11836279
11991585
12163958
11851639
12201505
12076350
11860172
12010927
11738999
11778252
11783373
11490395
11830021
11733879
11367515
11925594
11535906
11402217
11759479
11294698
11232120
12038233
11605311
11734447
11840261
11678697
11683248
11662199
11365240
11870412
11485844
11590519
11938110
11483000
11915354
11810678
11413027
13438266
19007678
21236580
21733219
21553450
21151247
15012948
12008083
11823764
11559799
11920475
11954039
11579141
12092847
11631479
11742981
11565488
11067711
12024580
14682993
18848389
20219409
20187551
19750076
14419598
11671870
11477879
11838555
11347604
11732172
11662768
11228706
11702021
11563781
11178076
11692350
11519977
11199125
11668456
11377186
10986930
11655941
SHELL SHELL-GAPPED SORT
22576880
15497641
14986779
16323665
15902689
15666031
15860591
16238901
15588093
15654653
15915773
16075061
16167222
16298066
16032394
16648500
21620011
22375494
21909574
22246356
20036226
15518120
16435167
16149017
16920998
16046617
14952646
14016257
16327648
15695613
15774120
15799151
15994848
16239470
15125588
16839646
19474165
23412576
23831845
23484824
17959218
16936357
15725196
16674100
16156412
16453941
15725195
16165515
15366796
15734867
15635880
16184287
16126262
16257674
16008501
16208181
15567044
15973231
16568856
16889709
16134794
16199648
14966299
15172805
16036946
15716662
15877658
18282915
21511352
23507011
23486531
21541504
16294652
15182476
14969144
16010208
16223541
15733728
15573871
16083594
15621658
15979489
16196234
16233212
15677978
16484092
15887897
16333905
15795169
16740091
15754209
15703578
19750645
26363966
26396960
25404820
17602525
16419238
16469301
19868974
SHELL SEDGEWICK-GAPPED SORT
17625849
17649742
17760107
17479645
15383294
12232794
11828314
12142909
11874394
11537613
12456366
12136651
11919905
12487655
11936972
12058145
12054731
11799870
12128687
12864259
11880652
12638979
13112863
13288080
13040614
12425646
12826712
12024581
12106500
12248722
11943798
12446695
12310163
11637168
12218003
11419284
11355000
12259531
12091140
11856189
11928439
11839123
11830021
12134376
11596208
12059851
11827176
11734448
11937540
11867568
11706572
12097967
11778252
11695763
11957452
12178180
11866998
12112758
12050181
12223122
11770857
11444315
12376153
11924456
11908528
12247584
11742413
12027994
15428804
20629008
22380044
22363547
20257524
14083954
12508135
12264082
11908527
12273184
12216296
12313576
12280011
11752652
11703159
12115033
11540457
11674145
11911371
11568333
11713968
12215727
11961434
12126981
12098536
12003531
12766410
11934127
12046198
11978500
11828314
12244171