QUICK SORT
29164599
18858629
28484210
28153686
17600818
15836128
10309384
9270026
11868705
10398131
44876141
12039940
10596672
30801290
27238346
12703833
14911685
10936867
12005239
10858361
47283675
9877598
23737979
23282870
36929349
49543297
13615191
13112294
23601446
12017185
26936267
42974919
11736154
9993652
13702231
69831541
59201873
21311673
10845845
10689969
13303440
31558480
24584485
11007978
13117982
11511444
16944322
10547748
11482430
10647303
12231087
19308050
9899785
11732741
23397216
64308210
29540635
29577043
10045420
12138927
19199961
25656838
11292422
19528778
8422952
28225366
10061349
37276939
11510875
33176396
26118206
36259199
10918663
22816381
8796143
42072094
18973544
24540680
19135108
20406573
8400765
18254470
8417832
8876356
16402172
8327379
8277885
30147637
8051468
8556072
8794435
21536384
37526681
12031976
9602257
8815485
8370045
11299817
27639412
63533385
MERGE SORT
14492984
7646989
7405211
7420003
7289159
7417158
7104271
6981391
6923933
6698653
6823808
6856804
6762369
6849977
6883542
6715151
6628112
6606494
6616165
6621284
6603080
6556431
6731080
6788537
6780004
6808449
6820395
6855666
6810725
6774884
6756680
6781142
6714582
6761231
6728805
6799346
6790813
6710031
6720840
6714582
6711737
6722547
6884111
6956928
6873870
6785124
6708893
6787400
6702635
6843719
6735062
6777160
7011542
6810155
6788538
6776591
7038848
6951808
7028040
9288800
6794227
6922226
6843720
6901746
6878991
6852253
6725391
6593978
6642333
6601943
6608769
6601374
6556432
6629250
6687276
6680449
6655987
6589427
6614458
6611613
6614458
6579187
6637214
6646884
6585444
6586583
6562689
6596822
6622991
6647453
6619009
6616165
6587151
6714582
6666796
6596823
6622991
6616164
6575205
6586014
SHELL SHELL-GAPPED SORT
18805723
13487191
12917166
12843210
12664010
12697006
12762997
12686197
12760721
12950730
12698144
12704970
12852881
12975192
12943903
13139600
13367724
13711333
13987243
13797803
15428804
14925908
14145963
13819990
13716453
13677200
13495155
13530996
13703937
13813732
13717021
13537254
13478088
13632257
13676630
13538960
13588453
13593004
13598124
13555457
13636239
13732382
13833074
13525875
13611777
13604382
13612346
13619172
13552044
13586746
13620879
13570248
14154496
14204558
14184079
14002034
13933768
13837626
13489466
13821128
13701093
13640790
13537822
13679475
13649324
13556027
13721004
13777892
13733519
13579351
13633395
13648186
13579351
13563422
13579351
13739208
13571955
13661270
13552044
13637377
13607226
13651600
13610639
13619173
13548631
13498000
13499137
13561146
13592435
13495725
13865501
14471366
14362709
14613589
14696077
14264292
14097608
13894514
13661839
13758550
SHELL SEDGEWICK-GAPPED SORT
10879978
10951089
10827641
10782698
10884530
10803747
10831054
10881685
10753685
10814556
10784974
10777010
10790663
10788956
10788956
10817400
10840157
10840725
10827072
10796921
10825934
10860636
10845277
11293560
11202537
11182627
10984084
10815695
10874859
10765063
10837311
10804885
10803179
10780992
11167835
10981241
11183195
11208796
10955641
10982378
10888512
10833898
10834468
10868601
10816832
10836174
10834468
10819108
10634788
10801472
11046094
10762218
10833330
10503374
10687694
10579606
10543197
10613170
10484033
10615446
10850965
10708743
10609757
10441366
10538645
10588708
10425437
10494272
10609188
10673472
10544334
10536370
10618290
10617153
11407906
12496758
12943335
12327229
11998412
11755497
11534768
11666181
11727053
11582554
11588812
11158164
11324848
11277631
10956209
10790094
10823089
10831622
10806023
10712726
10840157
10750272
10795214
10959054
11203107
11146787