QUICK SORT
143740301
759057831
313630665
439456689
761216760
124812267
402880051
730163453
114033551
111047459
362173288
209159548
110992845
336439081
123020271
103328221
163955158
183076044
131175846
669361867
879212045
531259244
128469646
105191329
334607263
100405844
252171444
98219609
890042530
293376553
531949305
1681763620
94930300
219152631
148430211
177471362
726503798
209401326
172795105
103571136
97242829
96487914
386343053
345858156
181179941
809308256
111195938
152274755
410123130
216136387
248977709
115569548
187608943
94624239
193250601
980178244
117172104
313916246
91562485
1137946178
108191073
217948295
239385692
112165323
112792807
822406896
99464904
105962741
123109586
336071580
111233485
423205842
365233904
92455638
117789916
164692436
234783959
120488720
97418046
156621626
230970136
855802313
465979943
125696887
101849112
227787778
100583337
379996541
135915818
125529066
206091536
127359177
354118406
107469724
352036277
389337109
102795742
112128914
404928047
659530918
MERGE SORT
78062209
78008165
79529371
82294734
82762929
80557350
74362163
72629899
72945064
80192125
82649151
80143201
80945332
80274044
79449157
80007236
83553114
80977759
81157527
80725742
80496480
82543338
83406341
81535838
81204176
80662026
80524355
80048765
83093452
81860103
81134772
80924283
80876497
81102346
82704902
81950557
81010754
73115730
72313598
72561065
76431776
81545509
81038061
80836675
80863413
80411147
82770324
82165028
82773168
82078556
79643148
80981741
80791732
82727657
81152976
81287803
81047732
81199625
80367911
81515927
80636426
81269029
79503771
79708002
80457226
83252172
81655873
81022132
75438499
72985455
77768094
80267787
80569866
80821315
80122151
79996427
79480446
80055023
81420353
79832019
80163681
80539715
80580675
82089934
81200194
80184730
80931679
80976621
81579642
80422524
83934268
81529580
80867964
80464622
80369049
80088018
81804353
79861601
79237531
79629495
SHELL SHELL-GAPPED SORT
184371971
187441120
183369021
189656938
187971323
180350503
189222308
184675188
185071703
182484401
184519312
185495524
183793980
181297132
184148967
183649483
182636294
186414278
182129415
187860390
186193549
185480733
187257938
186045070
184619437
185216769
182311459
183701821
186290829
186315291
184885107
183206320
183932789
186426224
184066478
184687703
188193759
185001730
182618090
187240303
183644364
188364425
186718064
181883087
187301743
183652328
184560272
188419039
184290620
184114834
186698721
182345592
184515331
185823773
181500226
183370728
181984917
182384277
186955290
182884898
188169297
183343422
184846423
185547861
185626937
182425805
185227009
182469041
183303031
186448980
174768576
173002180
184384487
184490299
183384381
187783590
187772213
187064517
184703063
184514192
185861319
183887279
187372854
185001729
181224883
189595498
183934496
183230213
184891365
181019515
189596636
184200167
182543565
183460612
185515435
184638211
186528055
181061613
182894569
186233371
SHELL SEDGEWICK-GAPPED SORT
137963245
138300027
141827131
140569889
139495260
139630086
141304323
138282960
137213451
140503898
138516773
139592540
140238227
141612661
139927615
138281254
139054372
138892808
138938888
138879723
142368712
139412771
136461951
137013203
140191010
139816682
140319579
140237090
139446336
138341555
138093520
142955236
140776964
139210247
142014864
139564664
136580848
135922076
141035808
137959263
138874035
137589486
143365403
139375225
139925339
140633036
139087936
138933768
139501518
140275774
137742517
137921147
140282600
139442922
138141307
138924665
141610953
138747741
138139032
138919546
138703938
137874499
136137116
140407187
139264292
139536220
138274427
140720075
139325163
141220696
142595129
141511967
140972092
140158583
140621089
138239725
140223437
140531204
138752292
139064043
139057217
140322423
137458642
138975866
142175859
139849677
139388309
139064612
142492161
140854333
139388878
140085196
141237763
140441320
139477624
142245832
142578063
141478972
138242000
140050495