QUICK SORT
76350994
83845522
82913115
71442631
76734425
75986337
76794159
75119352
75307654
75770730
77320379
77228219
74598820
76194550
85931633
103800966
80679093
73828547
74614180
75520987
75625094
75034589
77195793
77944449
75730907
77022851
84742658
77964929
75445326
78206706
75906694
75622818
74396296
73973044
75837858
78550884
76466479
75849804
78368271
79548144
73631143
76323119
76528487
76559777
74385488
75334962
73391071
76216737
78095773
77565570
98665048
79810970
76067689
89641919
75683121
75493681
75604613
76987580
75381610
78098049
77368166
77886992
79110669
77095669
75555121
74614750
75251903
74496420
77062105
76099546
75392418
76351563
77162798
75350321
76788469
75621680
73085010
73458200
76204791
75581290
75432241
75183068
77273730
76630318
77585481
77782317
76835687
77805640
77698690
75494250
77191242
76052329
76753199
75924329
76245181
75188757
77347117
75483441
76160986
76806673
MERGE SORT
44146827
45723216
135945401
47771781
47896367
48852099
47903193
47433861
47061808
47069204
46496335
46305188
46502592
47783159
78732359
56159462
46992973
47326911
46083890
46040086
46035535
46108352
46916742
47089684
47580065
64811676
44057512
47345683
46612387
46434325
46923569
47040760
46729009
47172742
46941774
47743336
47698963
48205841
47057826
46362646
46137365
46238628
46073081
46317703
46549809
48579601
47900918
47396315
44890364
46244886
43372002
43963077
43588749
44152516
43427184
46331357
48593255
48235992
47383230
47235889
46622627
46709098
47652314
47739354
47412812
47617612
48864614
47758128
76525074
58626159
47006627
44295877
73189685
61400624
47991940
47955531
47854269
47348528
46740387
46310877
47047586
47157950
47514074
47288795
48606339
48071016
47683602
47173310
47361044
46681222
46953720
47336581
48324740
47503265
76967669
60328840
47064084
46938360
47029950
47328048
SHELL SHELL-GAPPED SORT
19203375
19241490
18882522
18773864
18519572
18829616
18612301
18805154
18936567
18673740
19008247
19284726
18656105
19200530
18790931
18844407
20300190
21367993
22303813
22085929
20349684
18239110
18311359
18334684
18281777
18930309
18272106
18444479
18131591
18203271
18181653
18532088
18182790
18898451
26012962
27544976
27476141
25676180
25343949
25317781
25320625
23236789
19448565
19044655
19867836
18331839
18373368
18351181
18302257
18664639
19052051
18846113
18711856
19337064
18723803
18594665
18999144
18586701
18864318
18844407
18423999
18242524
18297137
18327857
18169137
18270968
18231146
18299981
18233990
18193600
18271537
18187341
18046827
18105991
18290310
18699341
18728354
19661899
18320461
18602061
25029924
25405958
25326883
25357603
24960519
25333141
20164227
19035553
18938273
18550292
18419448
18737456
18749403
18696496
18774433
18497386
18598078
18511038
18955909
18442773
SHELL SEDGEWICK-GAPPED SORT
10712156
10080122
10122789
10168300
10089793
9907181
10071020
10043144
10189918
10226327
10172282
10244530
10196175
10193330
10027785
10064193
10183660
10079554
10148389
10032905
10184229
10261597
10180815
10179678
10166593
10301988
14138568
15204663
15699596
15800289
15907809
15251880
10480051
10691677
10744583
10516459
10291180
10370824
10568228
10403819
10315642
10292886
10212673
10242256
10147251
10165455
10311091
10206984
10374237
10174557
10196744
10064193
10171713
10065331
10142131
10038024
10179678
11809541
10092638
10208122
10133597
10105153
10139287
10173989
10224050
10233153
10265010
10306540
10300851
10170007
10173988
10586432
22314054
23360238
20425346
17620729
14248931
10567090
9910025
9986256
9976016
9797954
9932211
10144975
10357170
10154646
10238842
10170006
10253064
10166593
10222344
10325313
10076140
10517028
10352619
10286628
10200727
10094344
10146682
10447624